5

1 2
01
4
0 0
2 0
0 1
0 2

2 2
01
00
1
2 2

3 1
1
0
1
2
3 1
4 2

80 40
0000101101000010110100001011010000101101
0000101101000010110100001011010000101101
0000101101000010110100001011010000101101
0000101101000010110100001011010000101101
0000101101000010110100001011010000101101
0000101101000010110100001011010000101101
0000101101000010110100001011010000101101
0000101101000010110100001011010000101101
0000101101000010110100001011010000101101
0000101101000010110100001011010000101101
0000101101000010110100001011010000101101
0000101101000010110100001011010000101101
0000101101000010110100001011010000101101
0000101101000010110100001011010000101101
0000101101000010110100001011010000101101
0000101101000010110100001011010000101101
0000101101000010110100001011010000101101
0000101101000010110100001011010000101101
0000101101000010110100001011010000101101
0000101101000010110100001011010000101101
0000101101000010110100001011010000101101
0000101101000010110100001011010000101101
0000101101000010110100001011010000101101
0000101101000010110100001011010000101101
0000101101000010110100001011010000101101
0000101101000010110100001011010000101101
0000101101000010110100001011010000101101
0000101101000010110100001011010000101101
0000101101000010110100001011010000101101
0000101101000010110100001011010000101101
0000101101000010110100001011010000101101
0000101101000010110100001011010000101101
0000101101000010110100001011010000101101
0000101101000010110100001011010000101101
0000101101000010110100001011010000101101
0000101101000010110100001011010000101101
0000101101000010110100001011010000101101
0000101101000010110100001011010000101101
0000101101000010110100001011010000101101
0000101101000010110100001011010000101101
0000101101000010110100001011010000101101
0000101101000010110100001011010000101101
0000101101000010110100001011010000101101
0000101101000010110100001011010000101101
0000101101000010110100001011010000101101
0000101101000010110100001011010000101101
0000101101000010110100001011010000101101
0000101101000010110100001011010000101101
0000101101000010110100001011010000101101
0000101101000010110100001011010000101101
0000101101000010110100001011010000101101
0000101101000010110100001011010000101101
0000101101000010110100001011010000101101
0000101101000010110100001011010000101101
0000101101000010110100001011010000101101
0000101101000010110100001011010000101101
0000101101000010110100001011010000101101
0000101101000010110100001011010000101101
0000101101000010110100001011010000101101
0000101101000010110100001011010000101101
0000101101000010110100001011010000101101
0000101101000010110100001011010000101101
0000101101000010110100001011010000101101
0000101101000010110100001011010000101101
0000101101000010110100001011010000101101
0000101101000010110100001011010000101101
0000101101000010110100001011010000101101
0000101101000010110100001011010000101101
0000101101000010110100001011010000101101
0000101101000010110100001011010000101101
0000101101000010110100001011010000101101
0000101101000010110100001011010000101101
0000101101000010110100001011010000101101
0000101101000010110100001011010000101101
0000101101000010110100001011010000101101
0000101101000010110100001011010000101101
0000101101000010110100001011010000101101
0000101101000010110100001011010000101101
0000101101000010110100001011010000101101
0000101101000010110100001011010000101101
4
1 1
30 30
100 100
160 150
80 80
00001011010000101101000010110100001011010000101101000010110100001011010000101101
00001011010000101101000010110100001011010000101101000010110100001011010000101101
00001011010000101101000010110100001011010000101101000010110100001011010000101101
00001011010000101101000010110100001011010000101101000010110100001011010000101101
00001011010000101101000010110100001011010000101101000010110100001011010000101101
00001011010000101101000010110100001011010000101101000010110100001011010000101101
00001011010000101101000010110100001011010000101101000010110100001011010000101101
00001011010000101101000010110100001011010000101101000010110100001011010000101101
00001011010000101101000010110100001011010000101101000010110100001011010000101101
00001011010000101101000010110100001011010000101101000010110100001011010000101101
00001011010000101101000010110100001011010000101101000010110100001011010000101101
00001011010000101101000010110100001011010000101101000010110100001011010000101101
00001011010000101101000010110100001011010000101101000010110100001011010000101101
00001011010000101101000010110100001011010000101101000010110100001011010000101101
00001011010000101101000010110100001011010000101101000010110100001011010000101101
00001011010000101101000010110100001011010000101101000010110100001011010000101101
00001011010000101101000010110100001011010000101101000010110100001011010000101101
00001011010000101101000010110100001011010000101101000010110100001011010000101101
00001011010000101101000010110100001011010000101101000010110100001011010000101101
00001011010000101101000010110100001011010000101101000010110100001011010000101101
00001011010000101101000010110100001011010000101101000010110100001011010000101101
00001011010000101101000010110100001011010000101101000010110100001011010000101101
00001011010000101101000010110100001011010000101101000010110100001011010000101101
00001011010000101101000010110100001011010000101101000010110100001011010000101101
00001011010000101101000010110100001011010000101101000010110100001011010000101101
00001011010000101101000010110100001011010000101101000010110100001011010000101101
00001011010000101101000010110100001011010000101101000010110100001011010000101101
00001011010000101101000010110100001011010000101101000010110100001011010000101101
00001011010000101101000010110100001011010000101101000010110100001011010000101101
00001011010000101101000010110100001011010000101101000010110100001011010000101101
00001011010000101101000010110100001011010000101101000010110100001011010000101101
00001011010000101101000010110100001011010000101101000010110100001011010000101101
00001011010000101101000010110100001011010000101101000010110100001011010000101101
00001011010000101101000010110100001011010000101101000010110100001011010000101101
00001011010000101101000010110100001011010000101101000010110100001011010000101101
00001011010000101101000010110100001011010000101101000010110100001011010000101101
00001011010000101101000010110100001011010000101101000010110100001011010000101101
00001011010000101101000010110100001011010000101101000010110100001011010000101101
00001011010000101101000010110100001011010000101101000010110100001011010000101101
00001011010000101101000010110100001011010000101101000010110100001011010000101101
00001011010000101101000010110100001011010000101101000010110100001011010000101101
00001011010000101101000010110100001011010000101101000010110100001011010000101101
00001011010000101101000010110100001011010000101101000010110100001011010000101101
00001011010000101101000010110100001011010000101101000010110100001011010000101101
00001011010000101101000010110100001011010000101101000010110100001011010000101101
00001011010000101101000010110100001011010000101101000010110100001011010000101101
00001011010000101101000010110100001011010000101101000010110100001011010000101101
00001011010000101101000010110100001011010000101101000010110100001011010000101101
00001011010000101101000010110100001011010000101101000010110100001011010000101101
00001011010000101101000010110100001011010000101101000010110100001011010000101101
00001011010000101101000010110100001011010000101101000010110100001011010000101101
00001011010000101101000010110100001011010000101101000010110100001011010000101101
00001011010000101101000010110100001011010000101101000010110100001011010000101101
00001011010000101101000010110100001011010000101101000010110100001011010000101101
00001011010000101101000010110100001011010000101101000010110100001011010000101101
00001011010000101101000010110100001011010000101101000010110100001011010000101101
00001011010000101101000010110100001011010000101101000010110100001011010000101101
00001011010000101101000010110100001011010000101101000010110100001011010000101101
00001011010000101101000010110100001011010000101101000010110100001011010000101101
00001011010000101101000010110100001011010000101101000010110100001011010000101101
00001011010000101101000010110100001011010000101101000010110100001011010000101101
00001011010000101101000010110100001011010000101101000010110100001011010000101101
00001011010000101101000010110100001011010000101101000010110100001011010000101101
00001011010000101101000010110100001011010000101101000010110100001011010000101101
00001011010000101101000010110100001011010000101101000010110100001011010000101101
00001011010000101101000010110100001011010000101101000010110100001011010000101101
00001011010000101101000010110100001011010000101101000010110100001011010000101101
00001011010000101101000010110100001011010000101101000010110100001011010000101101
00001011010000101101000010110100001011010000101101000010110100001011010000101101
00001011010000101101000010110100001011010000101101000010110100001011010000101101
00001011010000101101000010110100001011010000101101000010110100001011010000101101
00001011010000101101000010110100001011010000101101000010110100001011010000101101
00001011010000101101000010110100001011010000101101000010110100001011010000101101
00001011010000101101000010110100001011010000101101000010110100001011010000101101
00001011010000101101000010110100001011010000101101000010110100001011010000101101
00001011010000101101000010110100001011010000101101000010110100001011010000101101
00001011010000101101000010110100001011010000101101000010110100001011010000101101
00001011010000101101000010110100001011010000101101000010110100001011010000101101
00001011010000101101000010110100001011010000101101000010110100001011010000101101
00001011010000101101000010110100001011010000101101000010110100001011010000101101
4
1 1
30 30
100 100
140 150
