1000
11 11
10 6
16 10
45 25
65 35
356 352
108 30
1 1
10 9
100 8
1000 7
10000 6
100000 5
1000000 4
10000000 3
100000000 2
149079715 5
183410346 4
27972540 6
126838764 2
57420740 3
26845242 1
157680540 3
36982752 5
5927976 3
87556672 5
32046624 3
51934140 4
187723792 4
66259244 5
213062504 1
42631893 3
19213824 4
58598618 2
147306327 6
41094400 4
136333650 1
76203114 3
20249402 2
223316990 1
30278368 2
52750656 3
18451980 4
202465264 6
574332 2
81421556 4
3361612 5
35375960 3
77081367 4
8011044 2
127868012 6
3770692 3
91248773 3
56960992 2
9172674 5
6589360 6
45407250 2
32813076 2
62029500 1
855400 4
56876076 6
57621375 6
77857766 1
195599142 6
2333886 2
17882028 3
23136072 2
7333629 3
80275492 6
20432047 6
219347928 4
2206980 2
108514007 5
3121216 2
180577692 1
97580560 3
58151877 1
66765138 5
35126246 5
95231362 1
179033868 2
6233129 1
29621583 5
178120452 6
1242904 4
66012662 1
20117825 3
67101600 4
36088224 1
142873280 4
68377217 3
64898575 1
88154816 4
19014432 1
5805954 1
53692742 3
157883817 1
205902000 1
35968073 1
201746688 3
23391 5
71100498 1
37199728 4
18709166 4
34240886 1
1131828 1
4239858 3
805750 1
71179875 5
200250522 2
46307690 4
114036000 6
29019325 5
64831704 2
74316336 4
66608950 5
112331024 2
25073938 2
81108237 6
2120495 4
157318592 3
16026990 5
72876620 1
160163420 4
243542117 5
15619812 5
91945536 3
41090500 2
125644919 2
243783540 3
15228846 3
259080558 6
190488320 6
98658216 5
1685750 5
38161424 5
34363016 6
63306035 1
139179979 1
2763980 2
39638560 1
31511842 1
279039054 6
33665160 1
33906047 5
43637487 3
9536820 6
47555808 5
76283024 6
16039088 6
18519256 6
89396832 1
61491890 4
186762336 1
65147182 5
35242900 3
186945468 1
116533577 3
144459040 3
125981440 6
88414620 3
10159560 2
67649610 3
91567842 3
1896537 3
10505283 3
3482905 4
71049160 3
72165205 4
132787748 4
67578136 4
145591350 2
185726304 3
31142930 5
13694952 6
77629748 2
16720200 1
51189040 1
116326110 5
14138200 1
148517776 5
4892880 2
43839280 4
72132287 1
58198970 6
295646256 3
80377371 3
31683873 3
27883944 1
186680688 6
192539375 1
69099254 1
34514442 4
34003060 1
32622133 3
116539236 6
43769840 4
7133114 6
16776430 3
182380615 2
2213904 2
120932340 4
2049570 4
47532680 5
203994680 2
93922465 3
36913425 4
124485094 1
5301449 4
74993952 1
23009844 1
9793974 5
127381320 1
23317119 4
513590 6
88236994 4
37150220 1
99268014 6
52192795 4
63931656 5
12618333 3
72772524 4
25907232 3
219151502 4
1308502 2
110059650 6
74274222 3
178088405 3
4119544 3
207720072 1
135955670 2
88750647 2
7284432 3
91518672 3
7004553 3
10252550 1
46388580 3
63204748 6
52680076 4
84828920 5
42272432 5
4239906 4
14082602 4
20393310 5
85296750 3
112494288 3
1672353 2
67926045 3
243655894 2
3145574 2
28822169 6
50689314 6
208961438 2
211065222 4
28653260 3
52619400 4
200143566 4
16270150 4
101073825 4
57094218 4
195020569 5
99001477 1
44573490 1
5381175 3
490674 4
88069191 4
21080409 6
186628512 4
51543765 1
6499408 3
9829568 1
41432480 2
75114754 6
198194472 1
62737376 6
104253320 6
57429756 4
15989175 3
104965248 3
96731768 3
33681300 3
56238 1
9714966 1
55866240 1
206309348 3
18512379 6
32931703 2
236161395 3
165281250 4
91858455 5
44633873 3
4014777 2
66536120 3
133349184 3
63945852 5
229844040 1
92159331 5
16322372 3
14676282 1
90870176 6
255641760 2
186789294 5
2995644 5
22122840 4
131467688 1
127552480 5
151069366 4
38019568 1
202241225 6
72729200 2
81579690 3
44855580 4
192525952 6
99785994 2
63619101 6
14177871 6
69378214 6
8751852 5
66313680 3
210186514 1
69747558 3
40291020 5
23728342 2
58561920 5
136455684 4
63655722 2
3411502 3
130793988 1
15574944 2
50888214 2
61601540 4
27994120 1
116839520 6
20052828 3
5112016 4
34689952 3
20228238 5
9884336 1
195902910 4
38383200 6
7259785 4
156289942 1
6166503 1
147428942 1
50303803 1
81848292 1
7925490 4
268857540 2
100349410 6
38091045 1
11969972 1
3586256 6
197028195 2
42834420 3
11811420 3
26885798 5
31467874 2
25717200 2
27430074 4
41199405 3
124120638 2
37068924 1
70779588 3
21406756 2
9146420 6
40016354 6
18337088 5
247969992 3
2670348 5
36822318 6
2864376 4
65949800 2
50211870 6
84086464 3
49408481 3
48666024 4
175036500 3
13837331 5
95046784 5
2322516 5
16049295 1
120953991 5
4361904 6
135182419 4
25136202 1
25046928 4
27829485 2
38065056 1
129083652 4
43636302 2
44896028 2
24081309 1
164550600 4
144009978 3
9897080 3
73800956 5
11449400 5
95936168 6
19292529 4
73348656 1
24811808 2
43765610 2
1644511 4
126229972 1
35765985 3
25777752 4
56342538 5
9192260 5
83228704 2
147266928 3
77390144 5
171136837 1
170627885 4
28129024 2
23415885 6
2889628 6
10311080 5
327222 5
35657127 1
143267644 1
16545828 2
124964016 3
22989618 4
21811680 5
110150628 1
71497884 2
35485833 1
202137760 2
30046632 4
209623730 4
74495558 5
246187172 3
5495658 6
32351994 6
157876833 1
16505640 5
31162894 6
29773620 5
232063020 2
46402671 6
174827322 2
1897560 2
125266056 3
976596 3
60972144 6
28909120 2
22508505 4
25883117 6
1071024 6
69298515 3
49369114 3
77568480 5
29555618 4
105690084 6
223242105 4
11965955 5
85541989 5
188995620 1
156646720 1
89450964 5
30956555 3
412888 1
62754612 5
10698180 4
204333710 3
51918300 2
6303392 6
19158120 2
93337514 5
81649898 4
33575850 4
2553435 1
171612693 5
21990836 3
11250029 5
133327350 6
95042937 2
3975157 6
21847124 6
2974212 6
144274286 1
17383120 4
69410170 3
224397036 1
254655036 2
210231680 6
34027451 2
43225152 3
45391650 4
234149714 2
13616806 5
55652246 4
568728 4
139791974 4
103383813 6
7966710 2
119957552 1
64798436 2
60630636 3
109009764 2
2584076 3
13780760 3
43891554 5
98024668 2
237052636 6
83534328 3
117756642 1
60493356 1
3471846 4
5309328 4
147425614 6
71204419 3
403090 3
103775480 4
21555000 1
8455491 1
138442680 1
43222939 3
203046679 3
66496698 3
2145008 6
204167 2
149877446 3
5693610 5
56117289 5
241453296 4
160997900 1
168980110 4
2703205 6
15009642 5
42601734 2
32574185 3
9819873 6
50906261 1
55638297 6
203305121 1
52489140 6
221636611 3
207413185 6
81796608 3
131903640 2
206166070 5
105938368 3
146515096 3
261568758 6
76765676 4
8434836 5
96912540 6
91297887 5
31232061 2
54200811 5
13206144 1
48669120 5
124160341 2
6893841 6
45995109 4
40639500 2
173504182 2
3335388 6
66935520 4
109792669 4
11395258 4
28243180 3
47987160 5
59758600 3
92471119 3
16604512 1
105041004 3
9437958 6
115800634 1
148638075 6
50209952 4
13039884 5
57077605 1
2249002 3
76951208 2
83215074 3
81257778 2
21256524 6
76596192 3
56014412 6
64275624 1
257833856 4
205983294 6
45530373 5
35138538 3
35357660 6
86825432 2
95979445 1
35489979 1
31966914 5
12235228 6
115338080 3
193235166 5
18607144 2
15212106 5
88635723 5
135571456 2
5655008 2
47578144 4
154716992 4
2909682 4
89336040 3
22875570 2
53365552 2
39180150 3
95045562 5
187977146 2
136179680 3
109934060 5
20684160 2
35894445 6
226530480 5
225431970 5
7080648 6
77357104 2
231672441 6
25346190 6
80727255 5
102677149 5
66709776 3
68419078 4
58522260 3
64624644 4
207326295 1
64449517 1
49649718 4
64033280 5
51593378 6
33196880 5
186427605 6
24893427 5
4169208 4
37837263 2
190147815 6
35618198 4
119080990 4
29677716 4
7129617 5
80809170 4
26606888 2
108234427 6
187143616 3
3334125 2
29298312 3
124826086 2
63624449 4
196289410 3
5272896 6
34946846 4
108774422 6
115780 3
149405740 5
2391662 5
1830900 6
124846435 5
14770800 2
452886 2
233180874 4
282765769 4
186599240 5
58722432 2
34356861 1
172987249 5
64236900 3
89584420 5
8760196 1
72425320 2
82182604 1
71959550 3
20535948 3
207974718 2
239861136 4
101194572 6
47602128 6
62004410 5
174924585 2
44930415 3
27934375 1
60965220 3
66967828 1
40936110 2
3113635 2
4643055 1
14772774 6
7909440 5
51322100 3
223172961 5
7893251 6
45402104 6
141970741 4
173565528 5
239838888 3
61583193 1
14568232 6
60249222 2
15462711 2
186750080 4
42370620 2
162474746 6
5917230 6
66867420 3
138829656 2
6573600 2
97422714 3
11968020 6
101636540 3
90272325 5
101362786 3
19974020 3
132847005 1
82178124 6
73978060 4
47409762 6
75530700 3
80453735 1
21034980 4
119916020 2
36997928 2
36577702 1
68411915 3
99976620 4
14889664 4
70082218 4
159461792 2
56005046 3
186783411 5
95581440 6
3740128 3
28719222 4
41667100 4
183121659 4
231420670 6
1320345 6
83169108 2
21506496 5
46150803 1
49710268 2
145802039 5
25644696 4
237884589 5
3387072 5
37485213 6
43371762 6
48004209 6
206242326 3
56827548 3
50531106 5
36010064 2
233887608 4
32907043 5
141251376 2
148223598 1
142867032 6
27103652 3
69232200 5
172489576 3
70013166 6
40873530 4
64319610 6
287120 5
137537640 3
90040367 2
85210538 4
58239000 1
600797 5
31163820 6
52051050 5
136190604 1
172660848 3
185806195 6
52489080 4
41172300 6
180507600 4
21508896 4
97676109 1
14789780 2
30967295 4
103783434 4
281566 1
225402861 4
4986423 4
65327311 1
98478328 6
61893290 3
249465629 2
17557905 5
82742535 5
109804800 3
152397520 3
77469210 6
2894708 5
12400965 5
2178016 5
223459470 6
57402540 2
43517088 1
210094884 4
211654763 6
124885289 4
17271590 2
10432890 4
12081352 6
8406795 1
40615008 6
99893148 4
192874932 6
8611086 4
182653200 6
281048 6
69456690 1
4128726 4
111463947 4
114547956 5
24817500 6
202526895 3
67912668 2
206489777 4
63025020 2
26990380 3
34987992 6
22432140 1
22761365 1
20556528 1
254192070 1
27808872 3
110904838 6
18916780 6
69232854 3
2687607 2
155843028 2
10049839 4
182755202 3
225116916 2
55398720 2
252459228 3
297810 6
145258722 6
210279036 5
28179933 1
33533264 2
4708852 2
6635604 1
57938400 6
4822338 4
945441 3
57110277 2
33693660 3
21247373 2
28354030 5
18403770 5
30732264 3
23567040 4
121199130 1
149587284 4
13345220 1
157663863 6
5484570 5
98124495 2
12085324 5
121835175 2
259938594 5
94489860 5
52715100 5
224451608 3
220938504 5
135942006 4
34902208 5
2319318 1
268500852 6
38749200 1
28502580 3
30976653 3
171063825 5
52173990 5
238172225 1
236936301 1
178409526 5
150963536 6
53602224 4
3134135 6
80962800 5
923746 5
122773014 6
32225508 2
161214570 4
37377240 3
152593130 5
151313805 3
3972800 2
290042046 5
168195102 5
177207777 5
25838321 2
7835467 3
45816520 5
25861500 4
18552314 3
21486926 6
65225582 3
114263865 4
129182337 5
19275172 2
110208395 2
142559304 4
78710022 4
109913256 2
63121140 6
45050636 5
176084028 3
23407830 5
25299222 1
100734284 1
114554574 3
162464000 4
159758112 2
15656346 5
179511776 2
139783944 2
196071280 5
183181440 6
82522896 2
66791304 3
35133300 4
3979904 2
89991408 2
114181125 2
107523744 4
154355475 2
25272918 2
47974918 5
28221060 5
89392264 6
145657000 1
27305552 2
75917236 5
6962760 2
22687302 4
157003052 6
60429138 3
96192586 2
18039396 4
15173158 4
19543744 1
41813901 5
60320920 5
39602145 5
180749352 1
11710211 2
69800424 2
231394075 4
33686400 3
3939104 4
65858298 1
89092947 2
108621440 2
16567255 3
120313760 3
62063624 3
255980094 3
22715000 3
34224460 2
19529281 5
58490025 3
120399632 3
54635714 2
17134990 6
64509514 2
203404587 5
53997782 4
37631616 5
172766601 2
12727572 5
27916086 6
12830950 6
32507546 6
20172940 5
109663866 6
76784975 1
137333235 3
170931583 4
47524280 6
3144645 1
14513022 5
4786437 2
32251597 1
28022004 3
63330624 5
5784228 2
144824376 4
175817520 4
128345880 4
85724592 6
19707534 2
7414883 6
8238020 1
1129 5
1260176 2
399822 2
241965633 2
