15 19
0 0 0 0 0 0 0 0 0 0 0 0 0 0 0 0 0 0 0
1671 0 0 0 0 0 0 0 0 0 0 0 0 0 0 1091 0 0 0
0 0 0 0 0 0 0 0 0 0 0 1942 0 0 0 0 0 0 0
0 0 0 0 0 0 0 0 0 822 0 0 0 0 0 0 0 0 1197
0 0 0 0 870 0 0 0 1719 0 0 0 0 0 0 0 0 0 0
0 0 0 0 0 0 0 0 0 0 640 0 0 0 0 0 0 0 0
0 0 0 0 0 0 0 0 0 0 0 0 0 0 0 0 0 0 0
0 0 0 0 0 0 0 0 0 0 0 0 0 0 0 1871 0 0 0
0 57 0 0 0 0 0 0 0 0 0 500 0 0 0 0 0 0 0
0 0 0 0 0 1743 0 557 0 0 0 0 0 0 0 0 0 0 0
0 1153 0 0 0 0 768 0 0 0 0 0 0 0 0 0 0 0 0
0 0 0 0 1364 0 0 0 0 0 0 1094 0 0 0 0 0 0 0
0 0 724 0 0 0 0 0 0 0 0 0 0 0 0 0 0 0 0
0 0 0 0 0 0 0 0 0 0 0 0 0 0 0 0 0 0 0
0 0 0 0 0 0 0 0 0 0 212 0 0 0 0 0 0 20 0
